x = 2^5 + (6^7)/212
